-1.800000000000000000e+02 8.309642400000000180e+02 1.543989871199999797e+01 1.535731189298214794e+01
-1.700000000000000000e+02 9.275817600000001448e+02 1.723512003536842130e+01 1.712613903388497150e+01
-1.600000000000000000e+02 9.173803499999999076e+02 1.704557067868420717e+01 1.690933629363252422e+01
-1.500000000000000000e+02 9.408266999999999598e+02 1.748122031526315467e+01 1.731761453783700233e+01
-1.400000000000000000e+02 9.590805000000000291e+02 1.782038872894736770e+01 1.762821240389511956e+01
-1.300000000000000000e+02 1.026152207999999973e+03 1.906662813145263158e+01 1.884424503748423163e+01
-1.200000000000000000e+02 1.062435780000000022e+03 1.974080236136842004e+01 1.948834714349158048e+01
-1.100000000000000000e+02 1.141425210000000106e+03 2.120848140194737041e+01 2.092682229195474619e+01
-1.000000000000000000e+02 1.152025047000000086e+03 2.140543381188947336e+01 2.109269964560049004e+01
-9.000000000000000000e+01 1.113172200000000203e+03 2.068352064947368518e+01 2.034108227651354284e+01
-8.000000000000000000e+01 1.110727332000000160e+03 2.063809328633684714e+01 2.026547403968319117e+01
-7.000000000000000000e+01 1.084143900000000031e+03 2.014415446473684312e+01 1.974051349417092993e+01
-6.000000000000000000e+01 1.301729940000000170e+03 2.418705577989474165e+01 2.375048480542013962e+01
-5.000000000000000000e+01 1.711840320000000020e+03 3.180719443705262961e+01 3.133808267271076176e+01
-4.000000000000000000e+01 1.309450386000000208e+03 2.433050708443158072e+01 2.382889340544582524e+01
-3.000000000000000000e+01 1.331944614000000001e+03 2.474846562609473466e+01 2.421457917226167922e+01
-2.000000000000000000e+01 1.241906400000000076e+03 2.307549242526315680e+01 2.250833429816227493e+01
-1.000000000000000000e+01 1.186709358000000066e+03 2.204989265013684374e+01 2.144620973973748690e+01
-0.000000000000000000e+00 1.084192581000000018e+03 2.014505899187894755e+01 1.950830678343864832e+01
