-1.800000000000000000e+02 1.003999999999999915e+01
-1.700000000000000000e+02 1.096000000000000085e+01
-1.600000000000000000e+02 1.169999999999999751e+01
-1.500000000000000000e+02 1.228999999999999915e+01
-1.400000000000000000e+02 1.280999999999999872e+01
-1.300000000000000000e+02 1.328999999999999737e+01
-1.200000000000000000e+02 1.368999999999999950e+01
-1.100000000000000000e+02 1.400999999999999979e+01
-1.000000000000000000e+02 1.433000000000000007e+01
-9.000000000000000000e+01 1.458000000000000007e+01
-8.000000000000000000e+01 1.481000000000000050e+01
-7.000000000000000000e+01 1.502999999999999758e+01
-6.000000000000000000e+01 1.525999999999999979e+01
-5.000000000000000000e+01 1.546000000000000085e+01
-4.000000000000000000e+01 1.563999999999999879e+01
-3.000000000000000000e+01 1.580000000000000071e+01
-2.000000000000000000e+01 1.595999999999999908e+01
-1.000000000000000000e+01 1.614999999999999858e+01
-0.000000000000000000e+00 1.628000000000000114e+01
