$SPEC_ID:
No sample description was entered.
$SPEC_REM:
DET# 1
DETDESC# PHYSPRAK3 926
AP# Maestro Version 7.01
$DATE_MEA:
01/13/2025 14:26:01
$MEAS_TIM:
154186 154187
$DATA:
0 511
       0
       0
       0
       2
      20
      23
      16
      31
      24
      22
      20
      20
      26
      15
      26
      24
      29
      45
     129
     231
     255
     318
     269
     181
     138
     106
      62
      30
      35
      26
      24
      24
      17
      24
      14
      17
      21
      18
      19
      21
      16
      19
      16
      17
      16
       7
      19
      18
      17
      14
      15
      18
      18
      16
      15
       8
       9
      13
      15
      11
      15
      17
      15
      14
      12
      22
       8
      15
      11
       7
      12
      21
      14
      11
      11
      16
      10
      13
      14
      10
      20
       9
      10
      15
       8
      10
       6
      21
       4
      15
      10
       7
       5
      11
       9
       7
       5
       5
       9
       2
       4
      12
       7
       6
       7
      13
      14
       5
       5
       5
       9
       8
      12
      11
      11
       9
       5
       3
       9
       9
       6
       9
       7
      10
       9
       6
       9
       9
       4
       5
       9
      11
       7
       9
       8
       4
       7
       8
       8
       8
       8
      10
       3
       4
       5
       3
       3
       4
      12
       3
       3
       4
       7
       8
       1
       5
      11
       1
       6
       3
       3
       3
       6
       4
       6
       7
       2
       4
       2
       5
       3
      10
       3
       4
       3
       4
       5
       3
       3
       4
       6
       3
       7
       6
       4
       5
       4
       6
       2
       8
       8
       5
       6
       5
       3
       3
       0
       2
       4
       4
       3
       5
       5
       2
       3
       3
       3
       3
       4
       4
       2
       5
       1
       1
       3
       2
       4
       5
       2
       3
       2
       5
       5
       3
       3
       2
       1
       3
       4
       5
       2
       2
       4
       3
       0
       2
       3
       2
       3
       3
       4
       1
       3
       2
       3
       3
       0
       1
       1
       1
       1
       4
       1
       3
       1
       3
       1
       4
       1
       0
       0
       2
       2
       2
       1
       1
       3
       0
       2
       1
       6
       2
       1
       1
       0
       2
       0
       0
       1
       2
       0
       2
       2
       2
       1
       3
       1
       2
       2
       0
       0
       1
       0
       1
       0
       2
       1
       1
       2
       1
       0
       1
       1
       0
       1
       1
       3
       1
       0
       1
       1
       3
       0
       3
       4
       0
       3
       1
       3
       0
       1
       0
       2
       0
       1
       1
       1
       0
       1
       2
       2
       1
       0
       3
       0
       1
       1
       0
       0
       0
       2
       0
       1
       0
       0
       0
       0
       0
       2
       3
       1
       0
       1
       0
       1
       1
       2
       1
       1
       0
       2
       0
       3
       2
       0
       0
       2
       0
       1
       1
       1
       1
       0
       0
       1
       0
       0
       2
       0
       0
       0
       1
       0
       1
       0
       1
       1
       1
       2
       0
       1
       4
       1
       0
       1
       1
       0
       2
       1
       0
       0
       1
       0
       1
       0
       0
       1
       0
       1
       1
       0
       0
       1
       0
       0
       0
       0
       0
       0
       0
       0
       0
       0
       0
       0
       0
       0
       0
       0
       0
       0
       0
       0
       0
       0
       0
       0
       0
       0
       0
       0
       0
       0
       0
       0
       0
       0
       0
       0
       0
       0
       0
       0
       0
       0
       0
       0
       0
       0
       0
       0
       0
       0
       0
       0
       0
       0
       0
       0
       0
       0
       0
       0
       0
       0
       0
       0
       0
       0
       0
       0
       0
       0
       0
       0
       0
       0
       0
       0
       0
       0
       0
       0
       0
       0
       0
       0
       0
       0
       0
       0
       0
       0
       0
       0
       0
       0
       0
       0
       0
       0
       0
$ROI:
0
$PRESETS:
None
0
0
$ENER_FIT:
0.000000 0.000000
$MCA_CAL:
3
0.000000E+000 0.000000E+000 0.000000E+000 
$SHAPE_CAL:
3
0.000000E+000 0.000000E+000 0.000000E+000
