$SPEC_ID:
No sample description was entered.
$SPEC_REM:
DET# 1
DETDESC# PHYSPRAK3 926
AP# Maestro Version 7.01
$DATE_MEA:
01/13/2025 14:26:01
$MEAS_TIM:
156657 156658
$DATA:
0 511
       0
       0
       0
       2
      20
      23
      17
      32
      24
      22
      21
      21
      27
      15
      26
      26
      29
      49
     130
     232
     258
     318
     273
     181
     139
     106
      62
      30
      35
      27
      25
      24
      17
      25
      15
      17
      22
      18
      19
      21
      16
      20
      16
      18
      17
       8
      19
      19
      18
      15
      15
      19
      18
      16
      16
      12
      10
      13
      15
      12
      15
      17
      15
      14
      13
      22
       9
      16
      12
       7
      12
      22
      15
      12
      11
      16
      11
      13
      15
      10
      21
       9
      10
      15
       8
      10
       7
      22
       4
      16
      10
       7
       7
      11
       9
       8
       5
       5
       9
       2
       4
      13
       7
       8
       7
      13
      14
       5
       5
       5
       9
       8
      12
      11
      11
       9
       6
       3
       9
       9
       6
       9
       7
      10
       9
       6
       9
       9
       4
       5
       9
      11
       7
       9
       8
       5
       7
       8
       8
       8
       9
      10
       3
       4
       5
       3
       3
       4
      12
       3
       3
       4
       7
       8
       2
       5
      12
       1
       7
       3
       3
       3
       7
       4
       6
       8
       2
       4
       3
       6
       3
      10
       3
       4
       3
       4
       5
       4
       3
       4
       7
       3
       7
       6
       4
       5
       4
       6
       2
       8
       9
       5
       6
       5
       3
       3
       0
       2
       4
       4
       3
       5
       5
       2
       3
       3
       3
       4
       4
       4
       2
       5
       1
       1
       3
       2
       4
       6
       2
       3
       2
       5
       5
       3
       3
       2
       1
       3
       4
       5
       2
       2
       4
       3
       0
       2
       3
       3
       3
       3
       4
       1
       3
       2
       3
       3
       0
       1
       1
       1
       1
       4
       1
       3
       1
       3
       2
       5
       2
       0
       0
       2
       2
       2
       1
       1
       3
       0
       2
       1
       6
       2
       1
       1
       0
       3
       0
       0
       1
       2
       0
       2
       2
       2
       1
       3
       1
       2
       2
       0
       1
       1
       0
       1
       0
       2
       1
       1
       2
       1
       0
       1
       1
       0
       1
       1
       3
       1
       0
       1
       1
       3
       0
       3
       4
       0
       3
       1
       3
       0
       1
       0
       2
       0
       1
       1
       1
       0
       2
       2
       2
       1
       0
       3
       0
       1
       1
       0
       0
       0
       2
       0
       1
       0
       0
       0
       0
       1
       2
       3
       1
       0
       1
       0
       1
       1
       2
       1
       1
       0
       2
       0
       3
       2
       0
       0
       2
       0
       1
       1
       1
       1
       0
       0
       1
       0
       0
       2
       0
       0
       0
       1
       0
       1
       0
       1
       1
       1
       2
       0
       1
       4
       1
       0
       1
       1
       0
       2
       1
       0
       0
       1
       0
       1
       0
       0
       1
       0
       1
       1
       0
       0
       1
       0
       0
       0
       0
       0
       0
       0
       0
       0
       0
       0
       0
       0
       0
       0
       0
       0
       0
       0
       0
       0
       0
       0
       0
       0
       0
       0
       0
       0
       0
       0
       0
       0
       0
       0
       0
       0
       0
       0
       0
       0
       0
       0
       0
       0
       0
       0
       0
       0
       0
       0
       0
       0
       0
       0
       0
       0
       0
       0
       0
       0
       0
       0
       0
       0
       0
       0
       0
       0
       0
       0
       0
       0
       0
       0
       0
       0
       0
       0
       0
       0
       0
       0
       0
       0
       0
       0
       0
       0
       0
       0
       0
       0
       0
       0
       0
       0
       0
       0
$ROI:
0
$PRESETS:
None
0
0
$ENER_FIT:
0.000000 0.000000
$MCA_CAL:
3
0.000000E+000 0.000000E+000 0.000000E+000 
$SHAPE_CAL:
3
0.000000E+000 0.000000E+000 0.000000E+000
